x y w h frame_number
594 476 37 17 24
598 474 41 19 25
605 474 37 17 26
610 473 37 17 27
613 473 37 17 28
616 473 37 17 29
619 470 37 17 30
621 471 39 18 31
624 471 37 17 32
625 473 39 18 33
627 472 39 18 34
627 471 43 20 35
628 471 39 18 36
630 470 37 17 37
630 466 43 20 38
632 465 41 19 39
631 466 41 19 40
633 465 39 18 41
637 465 41 19 42
639 466 43 20 43
645 465 39 18 44
647 463 39 18 45
647 461 41 19 46
650 461 43 20 47
652 461 41 19 48
650 460 43 20 49
650 460 43 20 50
649 460 45 21 51
650 463 41 19 52
651 463 41 19 53
649 462 45 21 54
648 462 47 22 55
646 463 50 23 56
644 462 57 26 57
635 466 57 26 58
636 467 57 26 59
636 469 55 25 60
638 471 52 24 61
637 470 52 24 62
637 470 52 24 63
636 470 52 24 64
634 471 52 24 65
633 472 52 24 66
632 472 50 23 67
632 472 50 23 68
631 472 50 23 69
631 471 50 23 70
630 472 52 24 71
630 473 52 24 72
631 473 52 24 73
630 473 52 24 74
631 473 52 24 75
633 473 52 24 76
633 474 52 24 77
632 474 52 24 78
633 473 52 24 79
634 473 52 24 80
634 474 52 24 81
634 472 52 24 82
636 471 50 23 83
636 470 47 22 84
638 468 47 22 85
637 467 47 22 86
638 467 47 22 87
640 467 45 21 88
641 468 45 21 89
640 466 45 21 90
644 465 45 21 91
644 465 45 21 92
645 464 45 21 93
646 464 45 21 94
650 466 45 21 95
651 466 45 21 96
652 467 45 21 97
652 466 45 21 98
654 465 45 21 99
655 466 45 21 100
657 466 45 21 101
659 468 45 21 102
658 469 45 21 103
658 472 45 21 104
661 474 45 21 105
662 474 45 21 106
660 473 45 21 107
659 473 45 21 108
658 471 45 21 109
656 472 45 21 110
655 471 45 21 111
655 470 45 21 112
655 470 45 21 113
654 471 45 21 114
654 472 45 21 115
652 472 45 21 116
652 474 45 21 117
652 476 45 21 118
653 475 45 21 119
652 476 47 22 120
652 478 47 22 121
654 478 45 21 122
654 481 45 21 123
655 483 45 21 124
658 482 45 21 125
659 482 45 21 126
661 486 45 21 127
664 487 45 21 128
666 488 45 21 129
666 491 45 21 130
668 494 45 21 131
670 496 43 20 132
670 496 43 20 133
668 497 43 20 134
670 499 41 19 135
667 500 39 18 136
668 503 39 18 137
669 503 39 18 138
668 504 39 18 139
665 504 39 18 140
662 504 39 18 141
662 503 39 18 142
658 503 39 18 143
657 505 39 18 144
656 507 39 18 145
656 506 39 18 146
656 506 39 18 147
656 506 39 18 148
658 508 39 18 149
663 507 39 18 150
666 510 39 18 151
669 510 39 18 152
668 511 39 18 153
667 511 39 18 154
669 511 39 18 155
659 514 37 17 156
663 513 37 17 157
664 510 37 17 158
662 506 41 19 159
664 508 41 19 160
668 506 43 20 161
667 504 45 21 162
668 506 45 21 163
667 504 45 21 164
665 505 45 21 165
663 503 47 22 166
664 502 45 21 167
661 500 47 22 168
660 499 45 21 169
659 497 45 21 170
661 496 45 21 171
660 494 45 21 172
659 493 45 21 173
657 490 45 21 174
654 490 45 21 175
653 490 45 21 176
654 489 45 21 177
652 488 45 21 178
652 489 45 21 179
651 488 45 21 180
651 487 45 21 181
651 486 45 21 182
653 485 43 20 183
652 483 47 22 184
652 483 45 21 185
652 484 45 21 186
655 483 45 21 187
655 483 45 21 188
658 482 45 21 189
659 482 47 22 190
660 484 47 22 191
661 485 45 21 192
661 484 47 22 193
663 487 45 21 194
666 486 45 21 195
667 487 45 21 196
668 488 45 21 197
668 487 47 22 198
668 489 45 21 199
668 490 45 21 200
667 490 47 22 201
666 491 45 21 202
665 490 45 21 203
668 490 45 21 204
668 491 45 21 205
666 491 47 22 206
666 491 50 23 207
670 493 43 20 208
670 494 45 21 209
670 494 43 20 210
672 495 41 19 211
673 496 41 19 212
673 497 41 19 213
670 495 43 20 214
669 495 45 21 215
667 495 47 22 216
670 493 50 23 217
673 494 45 21 218
671 494 50 23 219
673 494 47 22 220
678 494 43 20 221
675 494 47 22 222
678 494 45 21 223
680 492 45 21 224
679 490 47 22 225
680 491 45 21 226
681 490 45 21 227
680 487 45 21 228
679 486 47 22 229
679 486 47 22 230
678 484 50 23 231
678 484 47 22 232
679 481 47 22 233
680 480 47 22 234
681 480 45 21 235
682 480 43 20 236
678 479 47 22 237
676 478 47 22 238
676 477 50 23 239
673 476 52 24 240
673 476 52 24 241
670 475 57 26 242
670 476 55 25 243
674 478 50 23 244
673 478 52 24 245
672 477 57 26 246
670 477 60 28 247
668 478 63 29 248
668 479 63 29 249
670 481 57 26 250
667 482 63 29 251
668 484 63 29 252
669 486 60 28 253
667 487 60 28 254
671 487 57 26 255
667 488 57 26 256
662 488 63 29 257
664 490 57 26 258
664 490 57 26 259
661 491 60 28 260
659 490 63 29 261
661 491 60 28 262
659 489 63 29 263
660 489 60 28 264
658 488 63 29 265
658 488 66 31 266
659 488 63 29 267
659 488 66 31 268
656 486 73 34 269
654 485 77 35 270
652 483 85 39 271
649 481 93 43 272
651 482 89 41 273
652 483 85 39 274
652 483 85 39 275
651 482 89 41 276
650 483 89 41 277
649 481 93 43 278
649 483 93 43 279
644 481 103 47 280
644 483 103 47 281
641 481 108 50 282
641 482 108 50 283
638 480 114 52 284
636 478 119 55 285
639 480 114 52 286
644 480 103 47 287
644 480 98 45 288
649 482 85 39 289
652 481 81 37 290
654 481 73 34 291
654 481 73 34 292
659 481 66 31 293
656 478 73 34 294
661 476 70 32 295
660 478 66 31 296
662 477 66 31 297
665 478 63 29 298
668 479 63 29 299
667 478 63 29 300
667 477 66 31 301
669 478 63 29 302
668 479 63 29 303
668 478 63 29 304
670 478 63 29 305
669 480 63 29 306
670 479 63 29 307
669 479 66 31 308
669 480 66 31 309
668 480 66 31 310
666 479 70 32 311
666 479 70 32 312
665 477 77 35 313
664 476 77 35 314
666 476 73 34 315
665 472 73 34 316
664 471 73 34 317
664 470 77 35 318
663 468 77 35 319
663 468 77 35 320
664 469 70 32 321
665 468 70 32 322
667 467 70 32 323
666 466 73 34 324
664 464 81 37 325
665 465 77 35 326
669 466 73 34 327
671 467 70 32 328
671 467 70 32 329
673 468 70 32 330
672 468 73 34 331
670 468 77 35 332
674 470 70 32 333
674 470 70 32 334
675 471 70 32 335
678 472 66 31 336
677 472 70 32 337
677 473 70 32 338
677 474 70 32 339
677 475 73 34 340
678 476 73 34 341
678 476 77 35 342
680 478 73 34 343
680 478 73 34 344
674 476 85 39 345
678 480 73 34 346
679 482 73 34 347
679 482 73 34 348
680 486 70 32 349
684 487 63 29 350
684 486 70 32 351
681 485 77 35 352
683 486 73 34 353
683 486 77 35 354
681 484 85 39 355
684 484 81 37 356
686 482 81 37 357
687 482 77 35 358
686 482 81 37 359
689 483 77 35 360
689 482 77 35 361
683 479 89 41 362
687 479 81 37 363
693 482 70 32 364
690 481 77 35 365
686 478 85 39 366
691 480 77 35 367
694 481 70 32 368
696 481 66 31 369
693 480 73 34 370
694 482 73 34 371
696 482 70 32 372
695 481 77 35 373
693 480 81 37 374
698 482 73 34 375
696 483 77 35 376
696 483 77 35 377
698 484 73 34 378
694 483 81 37 379
696 483 77 35 380
698 483 77 35 381
698 483 77 35 382
698 484 73 34 383
696 481 81 37 384
697 480 81 37 385
695 480 85 39 386
696 481 85 39 387
698 481 85 39 388
699 481 81 37 389
702 481 81 37 390
703 479 85 39 391
705 479 85 39 392
707 478 85 39 393
706 477 89 41 394
710 476 89 41 395
715 477 85 39 396
717 479 85 39 397
719 481 81 37 398
720 478 89 41 399
724 480 81 37 400
724 478 85 39 401
728 477 85 39 402
728 475 89 41 403
732 475 89 41 404
736 475 89 41 405
737 473 93 43 406
741 473 98 45 407
744 472 98 45 408
750 470 98 45 409
759 472 89 41 410
764 473 89 41 411
772 474 85 39 412
776 472 93 43 413
782 472 93 43 414
787 472 93 43 415
793 473 93 43 416
806 476 81 37 417
812 478 77 35 418
819 477 77 35 419
826 479 73 34 420
833 480 73 34 421
842 480 70 32 422
848 481 66 31 423
853 484 66 31 424
858 488 66 31 425
866 489 66 31 426
870 490 70 32 427
876 491 73 34 428
883 491 73 34 429
